rs182177934	2	153144132	1.72362	A	G	0.995277	0.00472300000000003	0.00472300000000003	0.932874	593	372016	-2.40652964958384	0.438911837508523	4.2e-08
rs139602108	3	4361825	0.112611	A	T	0.989606	0.010394	0.010394	0.917366	593	372016	-1.8313691577354	0.299456029359149	9.6e-10
rs527398109	3	115955695	1.27898	T	C	0.998896	0.00110399999999999	0.00110399999999999	0.911803	593	372016	-5.28245797828483	0.915838768954691	8e-09
rs553312575	3	126906368	1.40265	C	T	0.998941	0.00105900000000003	0.00105900000000003	0.946297	593	372016	-5.31668188412433	0.91825546256307	7e-09
rs544448386	3	126911057	1.40267	G	T	0.99889	0.00111000000000006	0.00111000000000006	0.958463	593	372016	-5.02418643583514	0.891634072033265	1.8e-08
rs556260089	4	164161534	1.72413	G	A	0.998809	0.00119100000000005	0.00119100000000005	0.931202	593	372016	-6.07053295311527	0.873288598417572	3.6e-12
rs551361289	5	147296068	1.56055	G	C	0.998936	0.00106399999999995	0.00106399999999995	0.917997	593	372016	-5.44074511616074	0.927525748201464	4.5e-09
rs189047521	6	15169300	0.331961	G	A	0.998066	0.00193399999999999	0.00193399999999999	0.916062	593	372016	-4.51149495637414	0.69103591559189	6.6e-11
rs187453847	6	15220102	0.332117	G	T	0.997554	0.00244599999999995	0.00244599999999995	0.931298	593	372016	-3.61232130376056	0.610683370502447	3.3e-09
rs528426198	6	15221443	0.332122	C	A	0.99803	0.00197000000000003	0.00197000000000003	0.953374	593	372016	-4.32401869100951	0.671312171402667	1.2e-10
rs576659597	6	15270266	0.332285	A	C	0.998027	0.001973	0.001973	0.942628	593	372016	-4.16100515495679	0.675037907382252	7.1e-10
rs143094094	6	129788502	1.34987	G	C	0.986941	0.013059	0.013059	0.874447	593	372016	-1.59424997783197	0.273538249103867	5.6e-09
rs536079648	7	36771581	0.594724	T	C	0.998058	0.001942	0.001942	0.907971	593	372016	-4.14552950500104	0.692942837892252	2.2e-09
rs191967051	7	67460369	0.846579	C	T	0.997813	0.00218700000000005	0.00218700000000005	0.913317	593	372016	-3.6075193839085	0.650537417232718	2.9e-08
rs757302085	8	24644868	0.55376	T	C	0.998972	0.00102800000000003	0.00102800000000003	0.914378	593	372016	-6.85919322092899	0.948495600032507	4.8e-13
rs145930729	8	36943811	0.675587	T	C	0.997342	0.00265800000000005	0.00265800000000005	0.923769	593	372016	-3.28658373141029	0.588129451532786	2.3e-08
rs537168369	8	75975506	1.00332	G	A	0.994217	0.00578299999999998	0.00578299999999998	0.835525	593	372016	-2.36630806403396	0.419612902742649	1.7e-08
rs143216295	8	123329895	1.38892	A	T	0.995136	0.00486399999999998	0.00486399999999998	0.901113	593	372016	-2.66776541778755	0.439561323915775	1.3e-09
rs181795419	8	125796957	1.44126	A	C	0.998592	0.00140799999999996	0.00140799999999996	0.90313	593	372016	-4.80762173854882	0.816477418201838	3.9e-09
11:81443011_TTTGA_T	11	81443011	0.910943	TTTGA	T	0.99837	0.00163000000000002	0.00163000000000002	0.918405	593	372016	-4.35373647022505	0.751377734126115	6.9e-09
rs201675393	12	461384	0.00832478	T	C	0.997944	0.00205599999999995	0.00205599999999995	1	593	372016	-3.51923454552738	0.641820957212911	4.2e-08
rs763009032	12	766427	0.0174577	T	C	0.998797	0.00120299999999995	0.00120299999999995	0.944812	593	372016	-4.74348495583269	0.86334491117476	3.9e-08
rs182770424	12	102689033	1.1988	G	A	0.996557	0.00344299999999997	0.00344299999999997	0.913861	593	372016	-2.96237547298406	0.519854081012302	1.2e-08
rs141481471	14	87697306	0.81694	G	A	0.993536	0.00646400000000003	0.00646400000000003	0.819119	593	372016	-2.33295895093291	0.400419698322141	5.7e-09
rs145224864	14	87857794	0.817639	C	T	0.993047	0.00695299999999999	0.00695299999999999	0.866063	593	372016	-2.53545144272877	0.376291152423271	1.6e-11
rs184314469	15	23780797	0.296066	G	T	0.99734	0.00266	0.00266	0.901605	593	372016	-3.36292355815415	0.593577081708342	1.5e-08
rs149403101	17	76234776	1.16077	G	A	0.997067	0.00293299999999996	0.00293299999999996	0.931652	593	372016	-3.61486386682771	0.556960397457629	8.6e-11
rs151247671	18	11884458	0.37275	G	A	0.998362	0.00163800000000003	0.00163800000000003	1	593	372016	-4.14220025781658	0.717921631985111	7.9e-09
