rs2479394	1	55486064	0.808944	G	A	0.278868	0.721132	0.278868	1	273	372016	-0.130069652318278	0.0954878284163402	0.17
rs11206510	1	55496039	0.809229	T	C	0.812862	0.187138	0.187138	1	273	372016	-0.276800067884206	0.109722843271678	0.012
rs2149041	1	55502137	0.809715	C	G	0.811535	0.188465	0.188465	0.992243	273	372016	-0.0186902037169642	0.109809365042746	0.86
rs2479409	1	55504650	0.809807	G	A	0.34827	0.65173	0.34827	1	273	372016	-0.0503775059085825	0.0898293864703252	0.57
rs10888897	1	55513061	0.809984	T	C	0.393051	0.606949	0.393051	1	273	372016	0.0520276971637067	0.0876632033912162	0.55
rs7552841	1	55518752	0.81069	C	T	0.623689	0.376311	0.376311	0.933986	273	372016	-0.0988359753112473	0.0915374408657217	0.28
rs562556	1	55524237	0.811003	G	A	0.179255	0.820745	0.179255	1	273	372016	0.0784965356268521	0.111598482422392	0.48
rs10066707	5	74560579	0.860457	G	A	0.630809	0.369191	0.369191	0.990979	273	372016	0.0190828269588591	0.0890216224909107	0.83
rs2006760	5	74562029	0.860486	C	G	0.794874	0.205126	0.205126	0.975182	273	372016	0.0886333662784704	0.107294501955628	0.41
rs2303152	5	74641707	0.860629	G	A	0.898596	0.101404	0.101404	0.998384	273	372016	0.125079911757485	0.141751046700089	0.38
rs17238484	5	74648496	0.860638	G	T	0.774325	0.225675	0.225675	0.999472	273	372016	0.0701009215005504	0.102302850819449	0.49
rs5909	5	74656175	0.860648	G	A	0.90615	0.09385	0.09385	1	273	372016	0.04530056122837	0.146867294645393	0.76
rs12916	5	74656539	0.860649	T	C	0.599976	0.400024	0.400024	1	273	372016	0.0685892469609366	0.0874166026967066	0.43
rs10234070	7	44537696	0.698096	C	T	0.882044	0.117956	0.117956	0.993907	273	372016	0.010086186756913	0.133193033665948	0.94
rs2073547	7	44582331	0.698748	A	G	0.815964	0.184036	0.184036	1	273	372016	-0.0328883717612798	0.10974740781236	0.76
rs217386	7	44600695	0.698905	G	A	0.575033	0.424967	0.424967	1	273	372016	-0.0304930561054793	0.086475507849259	0.72
rs7791240	7	44602589	0.698906	T	C	0.908243	0.091757	0.091757	0.999548	273	372016	0.00181757130593544	0.148275661644473	0.99
rs2300414	7	44682938	0.699006	G	A	0.931299	0.068701	0.068701	0.99337	273	372016	-0.0630904745293522	0.169757352470564	0.71
rs9989419	16	56985139	0.729936	A	G	0.394008	0.605992	0.394008	1	273	372016	-0.0312011972254627	0.0876079331746825	0.72
rs12708967	16	56993211	0.730147	T	C	0.810116	0.189884	0.189884	0.999474	273	372016	-0.0521364634910581	0.109191566844603	0.63
rs3764261	16	56993324	0.73015	C	A	0.676014	0.323986	0.323986	1	273	372016	-0.0051160295938304	0.0915636430424487	0.96
rs1800775	16	56995236	0.730202	C	A	0.513117	0.486883	0.486883	1	273	372016	-0.0794444539578223	0.0857230140863782	0.35
rs1864163	16	56997233	0.730257	G	A	0.738716	0.261284	0.261284	1	273	372016	-0.0353029296406143	0.0974385258858031	0.72
rs9929488	16	56998572	0.730293	G	C	0.735523	0.264477	0.264477	0.993159	273	372016	-0.14944520672026	0.097369881641565	0.12
rs289714	16	57007451	0.730542	G	A	0.175291	0.824709	0.175291	0.961411	273	372016	0.0923875104429768	0.114892450858129	0.42
rs5880	16	57015091	0.730655	G	C	0.944742	0.055258	0.055258	1	273	372016	-0.336404561151493	0.186926601710324	0.072
rs1122608	19	11163601	0.318601	G	T	0.745614	0.254386	0.254386	1	273	372016	0.0272261086644921	0.0982411040177403	0.78
rs6511720	19	11202306	0.318828	G	T	0.88126	0.11874	0.11874	1	273	372016	0.116978799180022	0.132398916653579	0.38
rs688	19	11227602	0.319628	C	T	0.548919	0.451081	0.451081	0.999291	273	372016	0.108138839806724	0.0861575335171023	0.21
