rs2479394	1	55486064	0.808944	G	A	0.278883	0.721117	0.278883	1	357	372016	-0.0213845942576044	0.0835255287741725	0.8
rs11206510	1	55496039	0.809229	T	C	0.812883	0.187117	0.187117	1	357	372016	-0.0684817354034539	0.0959839099674237	0.48
rs2149041	1	55502137	0.809715	C	G	0.81152	0.18848	0.18848	0.992243	357	372016	-0.120075549693565	0.0960483286288741	0.21
rs2479409	1	55504650	0.809807	G	A	0.3483	0.6517	0.3483	1	357	372016	0.0999948851974752	0.0785745839994883	0.2
rs10888897	1	55513061	0.809984	T	C	0.393032	0.606968	0.393032	1	357	372016	-0.0432226248955642	0.0766791927839755	0.57
rs7552841	1	55518752	0.81069	C	T	0.623722	0.376278	0.376278	0.933986	357	372016	0.082808988622577	0.0800769900582758	0.3
rs562556	1	55524237	0.811003	G	A	0.179241	0.820759	0.179241	1	357	372016	-0.0312852309318717	0.0976267424437977	0.75
rs10066707	5	74560579	0.860457	G	A	0.630782	0.369218	0.369218	0.990979	357	372016	-0.108087623100793	0.0778707814114211	0.17
rs2006760	5	74562029	0.860486	C	G	0.794841	0.205159	0.205159	0.975182	357	372016	-0.149651754581219	0.0938519341703117	0.11
rs2303152	5	74641707	0.860629	G	A	0.898581	0.101419	0.101419	0.998384	357	372016	-0.0732124873791122	0.123987652196884	0.55
rs17238484	5	74648496	0.860638	G	T	0.774309	0.225691	0.225691	0.999472	357	372016	-0.0412505994863648	0.0894881701930299	0.64
rs5909	5	74656175	0.860648	G	A	0.906144	0.0938560000000001	0.0938560000000001	1	357	372016	-0.0325626415037456	0.128470856933809	0.8
rs12916	5	74656539	0.860649	T	C	0.599955	0.400045	0.400045	1	357	372016	-0.0382820163404644	0.0764670392668486	0.62
rs10234070	7	44537696	0.698096	C	T	0.882033	0.117967	0.117967	0.993907	357	372016	-0.100107957175353	0.116502767530138	0.39
rs2073547	7	44582331	0.698748	A	G	0.815947	0.184053	0.184053	1	357	372016	-0.143907322242477	0.095994454999525	0.13
rs217386	7	44600695	0.698905	G	A	0.575004	0.424996	0.424996	1	357	372016	-0.146628149337127	0.0756473457319256	0.053
rs7791240	7	44602589	0.698906	T	C	0.90825	0.09175	0.09175	0.999548	357	372016	0.0918953608873597	0.12970389484585	0.48
rs2300414	7	44682938	0.699006	G	A	0.931318	0.068682	0.068682	0.99337	357	372016	0.264924616387068	0.148504329801088	0.074
rs9989419	16	56985139	0.729936	A	G	0.393997	0.606003	0.393997	1	357	372016	-0.0712722014724751	0.0766358641867276	0.35
rs12708967	16	56993211	0.730147	T	C	0.81013	0.18987	0.18987	0.999474	357	372016	0.0553688313761138	0.0955179448360569	0.56
rs3764261	16	56993324	0.73015	C	A	0.675985	0.324015	0.324015	1	357	372016	-0.14345002283056	0.080092859809557	0.073
rs1800775	16	56995236	0.730202	C	A	0.513115	0.486885	0.486885	1	357	372016	-0.0740336426016532	0.074990212741376	0.32
rs1864163	16	56997233	0.730257	G	A	0.738719	0.261281	0.261281	1	357	372016	-0.0110758335191397	0.085236434131042	0.9
rs9929488	16	56998572	0.730293	G	C	0.735562	0.264438	0.264438	0.993159	357	372016	0.0982636206202122	0.0851780710325804	0.25
rs289714	16	57007451	0.730542	G	A	0.175279	0.824721	0.175279	0.961411	357	372016	-0.0193145313717405	0.100503865707315	0.85
rs5880	16	57015091	0.730655	G	C	0.944753	0.055247	0.055247	1	357	372016	-0.0386586097146163	0.163525258201211	0.81
rs1122608	19	11163601	0.318601	G	T	0.745613	0.254387	0.254387	1	357	372016	0.0120591316610202	0.0859358516562552	0.89
rs6511720	19	11202306	0.318828	G	T	0.881237	0.118763	0.118763	1	357	372016	-0.139313446871619	0.115803245598667	0.23
rs688	19	11227602	0.319628	C	T	0.548888	0.451112	0.451112	0.999291	357	372016	-0.0503023088733491	0.0753630474902245	0.5
