rs2479394	1	55486064	0.808944	G	A	0.278869	0.721131	0.278869	1	494	372016	-0.0666803962970631	0.0710084584187066	0.35
rs11206510	1	55496039	0.809229	T	C	0.8129	0.1871	0.1871	1	494	372016	0.0381841241992586	0.0816034518029491	0.64
rs2149041	1	55502137	0.809715	C	G	0.811551	0.188449	0.188449	0.992243	494	372016	0.0688483537226847	0.0816593269943311	0.4
rs2479409	1	55504650	0.809807	G	A	0.348286	0.651714	0.348286	1	494	372016	0.0251890648241131	0.0667993953533037	0.71
rs10888897	1	55513061	0.809984	T	C	0.393047	0.606953	0.393047	1	494	372016	0.0189472018906207	0.065186414490733	0.77
rs7552841	1	55518752	0.81069	C	T	0.623723	0.376277	0.376277	0.933986	494	372016	0.0605439411570427	0.0680699519011211	0.37
rs562556	1	55524237	0.811003	G	A	0.179249	0.820751	0.179249	1	494	372016	0.0131300659186469	0.0829905156754995	0.87
rs10066707	5	74560579	0.860457	G	A	0.630812	0.369188	0.369188	0.990979	494	372016	0.0181461479644428	0.0662006247213317	0.78
rs2006760	5	74562029	0.860486	C	G	0.794864	0.205136	0.205136	0.975182	494	372016	-0.00490790314485948	0.0797882631531879	0.95
rs2303152	5	74641707	0.860629	G	A	0.898586	0.101414	0.101414	0.998384	494	372016	-0.0223330119673237	0.105402507980912	0.83
rs17238484	5	74648496	0.860638	G	T	0.774312	0.225688	0.225688	0.999472	494	372016	-0.0158552651177808	0.0760695426456697	0.83
rs5909	5	74656175	0.860648	G	A	0.906157	0.093843	0.093843	1	494	372016	0.0876107899466679	0.109223918029348	0.42
rs12916	5	74656539	0.860649	T	C	0.599958	0.400042	0.400042	1	494	372016	-0.0190776025061838	0.0650000631767725	0.77
rs10234070	7	44537696	0.698096	C	T	0.882021	0.117979	0.117979	0.993907	494	372016	-0.161979914605956	0.0990380216544406	0.1
rs2073547	7	44582331	0.698748	A	G	0.815954	0.184046	0.184046	1	494	372016	-0.0688932803968364	0.0816094923641796	0.4
rs217386	7	44600695	0.698905	G	A	0.575029	0.424971	0.424971	1	494	372016	-0.0309897402667339	0.0643099290561894	0.63
rs7791240	7	44602589	0.698906	T	C	0.908245	0.091755	0.091755	0.999548	494	372016	0.0212538657034973	0.110260629350531	0.85
rs2300414	7	44682938	0.699006	G	A	0.931306	0.068694	0.068694	0.99337	494	372016	0.0431593569497334	0.126241689155936	0.73
rs9989419	16	56985139	0.729936	A	G	0.394019	0.605981	0.394019	1	494	372016	0.0170786297809851	0.0651470753357195	0.79
rs12708967	16	56993211	0.730147	T	C	0.810123	0.189877	0.189877	0.999474	494	372016	0.00716754118855677	0.0811979791303527	0.93
rs3764261	16	56993324	0.73015	C	A	0.676009	0.323991	0.323991	1	494	372016	-0.0197644143180901	0.0680923019776739	0.77
rs1800775	16	56995236	0.730202	C	A	0.513146	0.486854	0.486854	1	494	372016	0.0415778625125767	0.0637498180160926	0.51
rs1864163	16	56997233	0.730257	G	A	0.738726	0.261274	0.261274	1	494	372016	0.0215087773874239	0.0724605338315002	0.77
rs9929488	16	56998572	0.730293	G	C	0.735545	0.264455	0.264455	0.993159	494	372016	0.00482635556824791	0.0724126623837486	0.95
rs289714	16	57007451	0.730542	G	A	0.175284	0.824716	0.175284	0.961411	494	372016	0.0123622350792367	0.0854407183246156	0.88
rs5880	16	57015091	0.730655	G	C	0.944757	0.055243	0.055243	1	494	372016	0.0383527313646046	0.139016721088261	0.78
rs1122608	19	11163601	0.318601	G	T	0.74562	0.25438	0.25438	1	494	372016	0.0380904199931707	0.073054321000457	0.6
rs6511720	19	11202306	0.318828	G	T	0.88127	0.11873	0.11873	1	494	372016	0.134130662122952	0.0984588828464677	0.17
rs688	19	11227602	0.319628	C	T	0.548905	0.451095	0.451095	0.999291	494	372016	0.0168685692641949	0.0640670984947239	0.79
