rs577447091	2	22712782	0.432112	T	C	0.995308	0.00469200000000003	0.00469200000000003	0.953806	1106	372016	-1.75438680453139	0.318951980709718	3.8e-08
rs553312575	3	126906368	1.40265	C	T	0.998938	0.00106200000000001	0.00106200000000001	0.946297	1106	372016	-3.80135751036816	0.671751929481402	1.5e-08
rs544448386	3	126911057	1.40267	G	T	0.998887	0.00111300000000003	0.00111300000000003	0.958463	1106	372016	-3.58964275722051	0.652339950277181	3.7e-08
rs192405420	3	176620074	1.9075	A	G	0.994681	0.00531899999999996	0.00531899999999996	0.907726	1106	372016	-1.84779912976948	0.307295657341996	1.8e-09
rs556541379	6	24604726	0.477319	T	C	0.994885	0.00511499999999998	0.00511499999999998	0.904994	1106	372016	-1.71220965257381	0.313734398012679	4.8e-08
rs757302085	8	24644868	0.55376	T	C	0.99897	0.00102999999999998	0.00102999999999998	0.914378	1106	372016	-4.07783525496933	0.694297165220939	4.3e-09
rs537168369	8	75975506	1.00332	G	A	0.99421	0.00578999999999996	0.00578999999999996	0.835525	1106	372016	-1.72068568672173	0.307152529100695	2.1e-08
rs559361171	12	129020094	1.61675	T	A	0.9989	0.00109999999999999	0.00109999999999999	0.900781	1106	372016	-3.78609726525556	0.676313084783353	2.2e-08
rs541229075	20	24541516	0.511772	A	C	0.998799	0.00120100000000001	0.00120100000000001	0.916637	1106	372016	-3.65098826584392	0.643447727626198	1.4e-08
rs547193349	20	29880357	0.518637	G	A	0.998559	0.00144100000000003	0.00144100000000003	0.927437	1106	372016	-4.09888153536854	0.582217262979242	1.9e-12
